0 0 1
0 1 2
0 2 3
0 3 4
0 4 5
0 5 6
0 6 5
0 7 6
0 8 5
0 9 6
1 1 7
1 2 7
1 3 7
1 4 7
1 5 7
1 6 7
1 7 7
1 8 7
1 9 7
10 / 8
10 0 36
10 1 34
10 2 35
10 3 34
10 4 35
10 5 34
10 6 35
10 7 34
10 8 35
10 9 34
100 C 66
101 N 66
102 L 66
102 N 66
103 I 66
103 R 66
104 V 66
105 T 66
106 P 66
107 U 76
108 C 76
109 N 76
11 / 8
11 0 36
11 1 34
11 2 35
11 3 34
11 4 35
11 5 34
11 6 35
11 7 34
11 8 35
11 9 34
110 L 76
111 I 76
111 R 76
112 T 76
113 0 142
113 1 142
113 2 142
113 3 142
113 4 142
113 5 142
113 6 142
113 7 142
113 8 142
113 9 142
114 1 117
114 2 116
114 3 117
114 4 118
114 5 117
114 6 118
114 7 117
114 8 117
114 9 118
115 / 143
115 0 117
115 1 118
115 2 117
116 / 144
117 / 143
118 / 145
119 P 146
119 U 147
12 / 8
12 0 33
12 1 34
12 2 35
12 3 34
12 4 35
12 5 34
12 6 35
12 7 34
12 8 35
12 9 34
120 E 148
121 E 149
122 A 150
122 U 151
123 A 152
124 O 153
125 C 154
126 E 155
127 1 130
127 2 129
127 3 130
127 4 131
127 5 130
127 6 131
127 7 130
127 8 130
127 9 131
128 / 143
128 0 130
128 1 131
128 2 130
129 / 156
13 / 37
13 0 33
13 1 34
13 2 35
13 3 34
13 4 35
13 5 34
13 6 35
13 7 34
13 8 35
13 9 34
130 / 143
131 / 145
132 P 157
132 U 158
133 E 159
134 E 160
135 A 161
135 U 162
136 A 163
137 O 164
138 C 165
139 E 166
14 / 38
14 0 33
14 1 34
14 2 35
14 3 34
14 4 35
14 5 34
14 6 35
14 7 34
14 8 35
14 9 34
140 0 167
140 1 167
140 2 168
140 3 167
140 4 167
140 5 167
140 6 168
140 7 167
140 8 167
140 9 167
141 0 168
141 1 167
141 2 167
141 3 167
141 4 168
141 5 167
141 6 167
141 7 167
141 8 168
141 9 167
142 0 169
142 1 169
142 2 169
142 3 169
142 4 169
142 5 169
142 6 169
142 7 169
142 8 169
142 9 169
143 0 170
143 1 171
143 2 171
143 3 172
143 4 173
143 5 173
143 6 173
143 7 173
143 8 173
143 9 173
144 0 174
144 1 175
144 2 176
144 4 177
144 5 177
144 6 177
144 7 177
144 8 177
144 9 177
145 0 178
145 1 179
145 2 179
145 3 180
145 4 181
145 5 181
145 6 181
145 7 181
145 8 181
145 9 181
146 R 118
147 G 117
148 C 117
149 B 116
15 / 39
15 0 33
15 1 34
15 2 35
15 3 34
15 4 35
15 5 34
15 6 35
15 7 34
15 8 35
15 9 34
150 N 117
151 L 117
151 N 118
152 R 117
152 Y 117
153 V 118
154 T 117
155 P 118
156 0 182
156 1 183
156 2 183
156 3 184
156 4 184
156 5 184
156 6 184
156 7 184
156 8 184
156 9 184
157 R 131
158 G 130
159 C 130
16 0 36
16 1 34
16 2 35
16 3 34
16 4 35
16 5 34
16 6 35
16 7 34
16 8 35
16 9 34
160 B 129
161 N 130
162 L 130
162 N 131
163 R 130
163 Y 130
164 V 131
165 T 130
166 P 131
167 0 185
167 1 186
167 2 187
167 3 186
167 4 187
167 5 186
167 6 187
167 7 186
167 8 187
167 9 186
168 0 188
168 1 186
168 2 187
168 3 186
168 4 187
168 5 186
168 6 187
168 7 186
168 8 187
168 9 186
169 _ 189
17 0 33
17 1 34
17 2 35
17 3 34
17 4 35
17 5 34
17 6 35
17 7 34
17 8 35
17 9 34
170 1 173
170 2 173
170 3 173
170 4 173
170 5 173
170 6 173
170 7 173
170 8 173
170 9 173
171 0 173
171 1 173
171 2 173
171 3 173
171 4 173
171 5 173
171 6 173
171 7 173
171 8 173
171 9 173
171 _ 190
172 0 173
172 1 173
172 _ 190
173 _ 190
174 1 177
174 2 177
174 3 177
174 4 177
174 5 177
174 6 177
174 7 177
174 8 177
174 9 177
175 0 177
175 1 177
175 2 177
175 3 177
175 4 177
175 5 177
175 6 177
175 7 177
175 8 177
175 9 177
175 _ 190
176 0 177
176 1 177
176 2 177
176 3 177
176 4 177
176 5 177
176 6 177
176 7 177
176 8 177
176 _ 190
177 _ 190
178 1 181
178 2 181
178 3 181
178 4 181
178 5 181
178 6 181
178 7 181
178 8 181
178 9 181
179 0 181
179 1 181
179 2 181
179 3 181
179 4 181
179 5 181
179 6 181
179 7 181
179 8 181
179 9 181
179 _ 190
18 0 36
18 1 34
18 2 35
18 3 34
18 4 35
18 5 34
18 6 35
18 7 34
18 8 35
18 9 34
180 0 181
180 _ 190
181 _ 190
182 1 184
182 2 184
182 3 184
182 4 184
182 5 184
182 6 184
182 7 184
182 8 184
182 9 184
183 0 184
183 1 184
183 2 184
183 3 184
183 4 184
183 5 184
183 6 184
183 7 184
183 8 184
183 9 184
183 _ 190
184 _ 190
185 0 191
185 1 191
185 2 191
185 3 191
185 4 169
185 5 191
185 6 191
185 7 191
185 8 169
185 9 191
186 0 191
186 1 191
186 2 169
186 3 191
186 4 191
186 5 191
186 6 169
186 7 191
186 8 191
186 9 191
187 0 169
187 1 191
187 3 191
187 4 169
187 5 191
187 6 191
187 7 191
187 8 169
187 9 191
188 0 169
188 1 191
188 2 191
188 3 191
188 4 169
188 5 191
188 6 191
188 7 191
188 8 169
188 9 191
189 0 192
189 1 192
189 2 193
189 3 194
189 4 194
189 5 194
189 6 194
189 7 194
189 8 194
189 9 194
19 0 33
19 1 34
19 2 35
19 3 34
19 4 35
19 5 34
19 6 35
19 7 34
19 8 35
19 9 34
190 0 195
190 1 195
190 2 196
190 3 197
190 4 197
190 5 197
190 6 197
190 7 197
190 8 197
190 9 197
192 0 194
192 1 194
192 2 194
192 3 194
192 4 194
192 5 194
192 6 194
192 7 194
192 8 194
192 9 194
192 : 198
193 0 194
193 1 194
193 2 194
193 3 194
193 : 198
194 : 198
195 0 197
195 1 197
195 2 197
195 3 197
195 4 197
195 5 197
195 6 197
195 7 197
195 8 197
195 9 197
195 : 199
196 0 197
196 1 197
196 2 197
196 3 197
196 : 199
197 : 199
198 0 200
198 1 200
198 2 200
198 3 200
198 4 200
198 5 200
198 6 201
198 7 201
198 8 201
198 9 201
199 0 202
199 1 202
199 2 202
199 3 202
199 4 202
199 5 202
199 6 203
199 7 203
199 8 203
199 9 203
2 / 8
2 0 9
2 1 9
2 2 10
2 3 9
2 4 9
2 5 9
2 6 10
2 7 9
2 8 9
2 9 9
20 0 33
20 1 34
20 2 35
20 3 34
20 4 35
20 5 34
20 6 35
20 7 34
20 8 35
20 9 34
200 0 201
200 1 201
200 2 201
200 3 201
200 4 201
200 5 201
200 6 201
200 7 201
200 8 201
200 9 201
200 : 204
201 : 204
202 0 203
202 1 203
202 2 203
202 3 203
202 4 203
202 5 203
202 6 203
202 7 203
202 8 203
202 9 203
202 : 205
203 : 205
204 0 206
204 1 206
204 2 206
204 3 206
204 4 206
204 5 206
204 6 207
204 7 207
204 8 207
204 9 207
205 0 208
205 1 208
205 2 208
205 3 208
205 4 208
205 5 208
205 6 209
205 7 209
205 8 209
205 9 209
206 ! -1
206 0 207
206 1 207
206 2 207
206 3 207
206 4 207
206 5 207
206 6 207
206 7 207
206 8 207
206 9 207
207 ! -1
208 ! -1
208 0 209
208 1 209
208 2 209
208 3 209
208 4 209
208 5 209
208 6 209
208 7 209
208 8 209
208 9 209
209 ! -1
21 0 36
21 1 34
21 2 35
21 3 34
21 4 35
21 5 34
21 6 35
21 7 34
21 8 35
21 9 34
22 1 24
22 2 24
22 3 24
22 4 24
22 5 24
22 6 24
22 7 24
22 8 24
22 9 24
23 / 40
23 0 24
23 1 24
23 2 24
24 / 40
25 O 41
25 V 42
26 E 43
27 E 44
28 A 45
28 U 46
29 A 47
3 / 8
3 0 11
3 1 12
3 2 12
3 3 12
3 4 11
3 5 12
3 6 12
3 7 12
3 8 11
3 9 13
30 O 48
31 C 49
32 E 50
33 0 51
33 1 51
33 2 51
33 3 51
33 4 52
33 5 51
33 6 51
33 7 51
33 8 52
33 9 51
34 0 51
34 1 51
34 2 52
34 3 51
34 4 51
34 5 51
34 6 52
34 7 51
34 8 51
34 9 51
35 0 52
35 1 51
35 3 51
35 4 52
35 5 51
35 6 51
35 7 51
35 8 52
35 9 51
36 0 52
36 1 51
36 2 51
36 3 51
36 4 52
36 5 51
36 6 51
36 7 51
36 8 52
36 9 51
37 0 53
37 1 54
37 2 55
37 3 56
37 4 56
37 5 56
37 6 56
37 7 56
37 8 56
37 9 56
37 A 57
37 D 58
37 F 59
37 J 60
37 M 61
37 N 62
37 O 63
37 S 64
38 0 65
38 1 66
38 3 67
38 4 67
38 5 67
38 6 67
38 7 67
38 8 67
38 9 67
38 A 68
38 D 69
38 J 70
38 M 71
38 N 72
38 O 73
38 S 74
39 0 75
39 1 76
39 3 77
39 5 77
39 7 77
39 8 77
39 A 78
39 D 79
39 J 80
39 M 81
39 O 82
4 / 8
4 0 14
4 1 15
4 2 16
4 3 17
4 4 17
4 5 17
4 6 16
4 7 17
4 8 17
4 9 17
40 1 83
40 2 83
40 3 83
40 4 83
40 5 83
40 6 83
40 7 83
40 8 83
40 9 83
41 U 23
42 R 23
43 C 23
44 V 23
45 N 23
46 L 23
46 N 23
47 I 23
47 R 23
48 V 23
49 T 23
5 / 8
5 0 18
5 1 19
5 2 19
5 3 19
5 4 18
5 5 19
5 6 19
5 7 19
5 8 18
5 9 19
50 P 23
51 / 84
52 / 85
53 1 56
53 2 86
53 3 56
53 4 56
53 5 56
53 6 56
53 7 56
53 8 56
53 9 56
54 / 40
54 0 56
54 1 56
54 2 56
55 / 87
56 / 40
57 O 88
57 V 89
58 E 90
59 E 91
6 / 8
6 0 20
6 1 20
6 2 21
6 3 20
6 4 20
6 5 20
6 6 21
6 7 20
6 8 20
6 9 20
60 A 92
60 U 93
61 A 94
62 O 95
63 C 96
64 E 97
65 1 67
65 3 67
65 4 67
65 5 67
65 6 67
65 7 67
65 8 67
65 9 67
66 / 40
66 0 67
66 1 67
66 2 67
67 / 40
68 O 98
68 V 99
69 E 100
7 / 8
70 A 101
70 U 102
71 A 103
72 O 104
73 C 105
74 E 106
75 1 77
75 3 77
75 5 77
75 7 77
75 8 77
76 / 40
76 0 77
76 2 77
77 / 40
78 O 107
79 E 108
8 0 22
8 1 23
8 2 24
8 3 24
8 4 24
8 5 24
8 6 24
8 7 24
8 8 24
8 9 24
8 A 25
8 D 26
8 F 27
8 J 28
8 M 29
8 N 30
8 O 31
8 S 32
80 A 109
80 U 110
81 A 111
82 C 112
83 0 113
83 1 113
83 2 113
83 3 113
83 4 113
83 5 113
83 6 113
83 7 113
83 8 113
83 9 113
84 0 114
84 1 115
84 2 116
84 3 117
84 4 118
84 5 117
84 6 118
84 7 117
84 8 117
84 9 118
84 A 119
84 D 120
84 F 121
84 J 122
84 M 123
84 N 124
84 O 125
84 S 126
85 0 127
85 1 128
85 2 129
85 3 130
85 4 131
85 5 130
85 6 131
85 7 130
85 8 130
85 9 131
85 A 132
85 D 133
85 F 134
85 J 135
85 M 136
85 N 137
85 O 138
85 S 139
86 / 87
87 1 140
87 2 141
87 3 140
87 4 141
87 5 140
87 6 141
87 7 140
87 8 141
87 9 140
88 U 56
89 R 56
9 / 8
9 0 33
9 1 34
9 2 35
9 3 34
9 4 35
9 5 34
9 6 35
9 7 34
9 8 35
9 9 34
90 C 56
91 B 55
92 N 56
93 L 56
93 N 56
94 I 56
94 R 56
95 V 56
96 T 56
97 P 56
98 U 66
99 R 66
